(0.0, 0.0)
(-1.45816, 10.0)
(-2.59404, 10.0)
(0.0, 0.0)
(-2.98148, 10.0)
(-2.59404, 10.0)
(-2.59404, 10.0)
(-2.59404, 10.0)
(-2.59404, 10.0)
(-1.45816, 10.0)
(-2.59404, 10.0)
(-2.59404, 10.0)
(-1.45816, 10.0)
(-2.86934, 6.0)
(-4.0522, 10.0)
(-2.59404, 10.0)
(-2.59404, 10.0)
(-1.45816, 10.0)
(-1.45816, 10.0)
(-2.59404, 10.0)
(-2.59404, 10.0)
(-2.59404, 10.0)
(-2.59404, 10.0)
(0.0, 0.0)
(-2.98148, 10.0)
(0.0, 0.0)
(-2.59404, 10.0)
(-2.59404, 10.0)
(-2.59404, 10.0)
(-4.0522, 10.0)
(-1.45816, 10.0)
(-3.8744, 11.0)
(-2.98148, 10.0)
(-2.59404, 10.0)
(-2.59404, 10.0)
(-4.0522, 10.0)
(-4.0522, 10.0)
(-2.59404, 10.0)
(-2.98148, 10.0)
(-2.98148, 10.0)
(-2.98148, 10.0)
(-2.98148, 10.0)
(-2.98148, 10.0)
(-2.98148, 10.0)
(-2.98148, 10.0)
(-2.98148, 10.0)
(-2.98148, 10.0)
(-2.98148, 10.0)
(0.0, 0.0)
(-2.59404, 10.0)
(-2.59404, 10.0)
(-2.59404, 10.0)
(-1.45816, 10.0)
(-1.45816, 10.0)
(-4.0522, 10.0)
(-2.59404, 10.0)
(-2.59404, 10.0)
(-1.45816, 10.0)
(-2.59404, 10.0)
(-1.07072, 10.0)
(-3.01843, 10.0)
(-3.66476, 10.0)
(6.83276, 11.0)
(-1.44944, 10.0)
(4.33093, 11.0)
(-1.5253, 5.0)
(-1.52529, 5.0)
(-1.5253, 5.0)
(-1.52527, 5.0)
(-1.52529, 5.0)
(-1.52526, 5.0)
(-1.52528, 5.0)
(0.000544877, 0.00538499)
(0.00169852, 0.0160344)
(0.00347994, 0.032437)
(0.00625402, 0.0578979)
(0.00928438, 0.0854406)
(0.0126053, 0.115554)
(0.0171628, 0.156685)
(0.0229073, 0.208344)
(0.0275543, 0.25021)
(0.0351698, 0.319006)
(0.041341, 0.374583)
(0.0488393, 0.442521)
(0.0572798, 0.518419)
(0.0667777, 0.603864)
(0.0755126, 0.682821)
(0.0867167, 0.783324)
(0.0971244, 0.87746)
(0.108174, 0.976739)
(0.122112, 1.10246)
(0.133009, 1.20112)
(0.146188, 1.32084)
(0.160908, 1.45549)
(0.17457, 1.58194)
(0.189541, 1.72343)
(0.204699, 1.87189)
(0.219667, 2.02523)
(0.232871, 2.1679)
(0.247697, 2.3415)
(0.260127, 2.50149)
(0.270846, 2.6551)
(0.281361, 2.82969)
(0.290909, 3.01941)
(0.298115, 3.20101)
(0.302817, 3.36449)
(0.306593, 3.55565)
(0.30865, 3.75179)
(0.309127, 3.96449)
(0.308573, 4.13016)
(0.30694, 4.33975)
(0.304461, 4.56264)
(0.301486, 4.79296)
(0.299084, 4.97165)
(0.296022, 5.20698)
(0.293162, 5.44671)
(0.290954, 5.65935)
(0.288564, 5.91996)
(0.286748, 6.13542)
(0.285021, 6.35551)
(0.283231, 6.5971)
(0.281298, 6.85321)
(0.279201, 7.1098)
(0.276422, 7.37981)
(0.273212, 7.61428)
(0.268479, 7.87459)
(0.261747, 8.14915)
(0.252975, 8.4261)
(0.242051, 8.70178)
(0.227894, 8.99935)
(0.214859, 9.24605)
(0.198276, 9.53844)
(0.179898, 9.84874)
(0.163854, 10.1162)
(0.145925, 10.4159)
(0.125496, 10.7609)
(0.10822, 11.0587)
(0.0933048, 11.3198)
(0.0729572, 11.6801)
(0.0569008, 11.9676)
(0.0406122, 12.2611)
(0.0187779, 12.6515)
(0.000330793, 12.9706)
(-0.019439, 13.2947)
(-0.040437, 13.6113)
(-0.0672403, 13.9794)
(-0.0940292, 14.3118)
(-0.124102, 14.645)
(-0.156348, 14.97)
(-0.198702, 15.353)
(-0.242381, 15.7067)
(-0.289572, 16.0559)
(-0.3443, 16.4264)
(-0.410423, 16.8349)
(-0.471815, 17.1857)
(-0.53283, 17.5127)
(-0.62097, 17.9541)
(-0.70057, 18.3277)
(-0.784021, 18.6994)
(-0.861241, 19.0263)
(-0.962925, 19.4388)
(-1.06953, 19.8516)
(-1.18325, 20.273)
(-1.29601, 20.6768)
(-1.39182, 21.0121)
(-1.53105, 21.4897)
(-1.63058, 21.8262)
(-1.76326, 22.2727)
(-1.86628, 22.6194)
(-1.99886, 23.0662)
(-2.13404, 23.523)
(-2.26558, 23.9689)
(-2.39308, 24.4024)
(-2.51205, 24.8081)
(-2.63784, 25.2399)
(-2.75963, 25.6621)
(-2.89328, 26.1328)
(-3.01426, 26.5697)
(-3.14213, 27.045)
(-3.26144, 27.5042)
(-3.36772, 27.9309)
(-3.48834, 28.4371)
(-3.5923, 28.8953)
(-3.69402, 29.3697)
(-3.78706, 29.8265)
(-3.88021, 30.3102)
(-3.98278, 30.8792)
(-4.05273, 31.2914)
(-4.13363, 31.7969)
(-4.21859, 32.3664)
(-4.28696, 32.8584)
(-4.34406, 33.2961)
(-4.41281, 33.8623)
(-4.46833, 34.3562)
(-4.52154, 34.869)
(-4.58179, 35.5085)
(-4.62412, 36.0086)
(-4.6626, 36.5085)
(-4.69828, 37.0336)
(-4.72899, 37.5463)
(-4.75909, 38.1371)
(-4.78215, 38.7088)
(-4.79752, 39.1941)
(-4.80917, 39.6844)
(-4.81865, 40.3015)
(-4.82226, 40.8138)
(-4.82145, 41.3758)
(-4.81798, 41.7494)
(-4.80518, 42.4342)
(-4.78773, 43.0129)
(-4.76761, 43.5059)
(-4.74072, 44.0717)
(-4.71685, 44.5194)
(-4.6842, 45.0801)
(-4.65567, 45.5403)
(-4.62766, 45.9738)
(-4.59622, 46.4442)
(-4.55948, 46.9794)
(-4.53088, 47.3875)
(-4.50004, 47.8198)
(-4.4714, 48.2155)
(-4.43863, 48.6618)
(-4.40614, 49.0969)
(-4.37521, 49.505)
(-4.34782, 49.8616)
(-4.31837, 50.2401)
(-4.28681, 50.6406)
(-4.26001, 50.9767)
(-4.23058, 51.3414)
(-4.20206, 51.6899)
(-4.17959, 51.9615)
(-4.15207, 52.2911)
(-4.12688, 52.5908)
(-4.10042, 52.9031)
(-4.07616, 53.1868)
(-4.05117, 53.4755)
(-4.02765, 53.7446)
(-4.00564, 53.995)
(-3.98171, 54.2654)
(-3.96208, 54.4861)
(-3.94063, 54.7245)
(-3.92073, 54.9434)
(-3.90475, 55.118)
(-3.88471, 55.336)
(-3.86629, 55.535)
(-3.85225, 55.685)
(-3.83505, 55.8669)
(-3.82075, 56.0172)
(-3.80629, 56.1691)
(-3.79335, 56.3047)
(-3.78055, 56.4386)
(-3.77129, 56.5347)
(-3.75986, 56.6527)
(-3.7518, 56.7353)
(-3.74376, 56.8172)
(-3.73686, 56.8869)
(-3.73117, 56.9423)
(-3.72583, 56.9931)
(-3.72257, 57.0231)
(-3.71984, 57.0472)
(-3.71802, 57.0621)
(-3.71729, 57.0668)
(-3.717, 57.068)
(-3.71689, 57.0678)
(-3.71693, 57.0663)
(-3.71704, 57.0644)
(-3.71717, 57.0629)
(-3.71734, 57.0609)
(-3.71751, 57.0593)
(-3.71765, 57.0581)
(-3.71779, 57.0569)
(-3.7179, 57.0561)
(-3.71799, 57.0556)
(-3.71804, 57.0551)
(-3.7181, 57.055)
(-3.71814, 57.055)
(-3.71816, 57.0551)
(-3.71816, 57.0551)
(-3.71818, 57.0554)
(-3.7182, 57.0554)
(-3.71821, 57.0554)
(-3.71821, 57.0551)
(-3.71821, 57.0553)
(-3.71817, 57.0554)
(-3.71817, 57.0553)
(-3.71817, 57.0553)
(-3.71818, 57.0553)
(-3.71818, 57.0554)
(-3.71818, 57.0553)
(-3.71818, 57.0553)
(-3.71818, 57.0553)
(-3.7182, 57.0554)
(-3.7182, 57.0554)
(-3.7182, 57.0554)
(-3.7182, 57.0554)
(-3.7182, 57.0554)
(-3.7182, 57.0554)
(-3.7182, 57.0554)
(-3.71821, 57.0554)
(-3.71821, 57.0554)
(-3.71821, 57.0554)
(-3.71821, 57.0554)
(-3.71821, 57.0554)
(-3.71823, 57.0554)
(-3.71823, 57.0553)
(-3.71823, 57.0554)
(-3.71823, 57.0554)
(-3.71823, 57.0554)
(-3.71824, 57.0554)
(-3.71824, 57.0554)
(-3.71824, 57.0554)
(-3.71824, 57.0554)
(-3.71824, 57.0554)
(-3.71824, 57.0554)
(-3.71824, 57.0554)
(-3.71824, 57.0554)
(-3.71824, 57.0554)
(-3.71824, 57.0554)
(-3.71824, 57.0554)
(-3.71824, 57.0554)
(-3.71824, 57.0554)
(-3.71824, 57.0554)
(-3.71824, 57.0554)
(-3.71824, 57.0554)
(-3.71824, 57.0554)
(-3.71824, 57.0554)
(-3.71824, 57.0554)
(-3.71824, 57.0554)
(-3.71824, 57.0554)
(-3.71824, 57.0554)
(-3.71824, 57.0554)
(-3.71824, 57.0554)
(-3.71824, 57.0554)
(-3.71824, 57.0554)
(-3.71824, 57.0554)
(-3.71824, 57.0554)
(-3.71824, 57.0554)
